86956, 86956, 86955
86953, 86955, 86955
86960, 86956, 86955
86949, 86954, 86955
86951, 86952, 86955
86943, 86949, 86955
86963, 86952, 86955
86959, 86954, 86955
86955, 86954, 86954
86944, 86951, 86953
86965, 86954, 86954
86959, 86955, 86955
86968, 86957, 86957
86960, 86958, 86957
86942, 86955, 86955
86958, 86955, 86955
86934, 86952, 86951
86954, 86952, 86951
86947, 86951, 86950
86954, 86951, 86950
86969, 86953, 86953
86970, 86955, 86957
86953, 86955, 86956
86942, 86953, 86953
86951, 86953, 86953
86948, 86952, 86952
86946, 86951, 86950
86956, 86952, 86951
86955, 86952, 86951
86970, 86954, 86955
86927, 86951, 86950
86970, 86953, 86953
86945, 86952, 86951
86945, 86951, 86950
86974, 86953, 86954
86937, 86951, 86951
86953, 86951, 86951
86954, 86951, 86952
86962, 86952, 86953
86955, 86952, 86953
86965, 86954, 86955
86941, 86952, 86953
86946, 86952, 86952
86941, 86951, 86950
86971, 86952, 86953
86968, 86954, 86955
86965, 86955, 86957
86957, 86955, 86957
86967, 86956, 86958
86940, 86955, 86956
86976, 86957, 86959
86952, 86956, 86959
86959, 86957, 86959
86936, 86955, 86956
86940, 86953, 86954
86950, 86953, 86954
86946, 86952, 86953
86943, 86951, 86952
86945, 86951, 86951
86949, 86950, 86950
86969, 86952, 86952
86967, 86953, 86954
86938, 86952, 86952
86933, 86950, 86950
86944, 86949, 86949
86946, 86949, 86948
86962, 86950, 86949
86961, 86950, 86951
86953, 86951, 86951
86957, 86951, 86951
86958, 86952, 86952
86961, 86952, 86953
86965, 86954, 86954
86972, 86955, 86956
86952, 86955, 86956
86966, 86956, 86957
86949, 86956, 86957
86954, 86955, 86957
86943, 86954, 86955
86981, 86957, 86958
86951, 86956, 86958
86960, 86957, 86958
86957, 86957, 86958
86957, 86957, 86958
86963, 86958, 86959
86955, 86958, 86959
86977, 86960, 86961
86956, 86959, 86961
86937, 86957, 86958
86959, 86958, 86959
86959, 86958, 86959
86973, 86959, 86961
86972, 86961, 86962
86946, 86960, 86961
86949, 86959, 86960
86958, 86959, 86959
86926, 86956, 86956
86953, 86955, 86956
86977, 86957, 86958
86974, 86959, 86960
86952, 86958, 86959
86956, 86958, 86959
86954, 86958, 86958
86955, 86958, 86958
86964, 86958, 86959
86956, 86958, 86958
86960, 86958, 86959
86947, 86957, 86957
86945, 86956, 86956
86958, 86956, 86956
86963, 86957, 86957
86945, 86956, 86955
86969, 86957, 86957
86962, 86957, 86957
86960, 86957, 86958
86950, 86957, 86957
86953, 86956, 86956
86939, 86955, 86954
86963, 86955, 86955
86947, 86954, 86954
86953, 86954, 86954
86981, 86956, 86957
86978, 86958, 86959
86954, 86958, 86958
86957, 86958, 86958
86958, 86958, 86958
86963, 86958, 86959
86954, 86958, 86958
86977, 86960, 86960
86970, 86961, 86962
86955, 86960, 86961
86957, 86960, 86961
86954, 86960, 86960
86966, 86960, 86961
86957, 86960, 86961
86953, 86960, 86960
86939, 86958, 86958
86961, 86958, 86958
86936, 86956, 86956
86935, 86954, 86953
86976, 86956, 86955
86930, 86953, 86953
86951, 86953, 86952
86954, 86953, 86952
86952, 86952, 86952
86960, 86953, 86952
86942, 86952, 86951
86950, 86951, 86951
86958, 86951, 86951
86955, 86952, 86951
86955, 86952, 86951
86955, 86952, 86952
86956, 86952, 86952
86971, 86954, 86954
86946, 86953, 86953
86980, 86955, 86956
86944, 86954, 86955
86941, 86953, 86954
86974, 86955, 86957
86969, 86956, 86959
86958, 86956, 86960
86972, 86958, 86962
87000, 86962, 86967
86966, 86962, 86969
86962, 86962, 86970
86951, 86962, 86970
86968, 86962, 86971
86958, 86962, 86972
86975, 86964, 86974
86991, 86966, 86978
87000, 86970, 86983
86989, 86972, 86986
87004, 86976, 86991
87012, 86980, 86996
86995, 86982, 86999
86986, 86983, 87001
87048, 86990, 87009
87011, 86993, 87013
87023, 86997, 87018
87041, 87003, 87024
87013, 87005, 87027
87015, 87008, 87030
87029, 87011, 87034
87041, 87016, 87039
87020, 87018, 87041
87050, 87023, 87045
87043, 87027, 87049
87034, 87029, 87051
87038, 87032, 87054
87063, 87037, 87058
87067, 87042, 87063
87068, 87047, 87067
87058, 87050, 87069
87080, 87055, 87074
87049, 87057, 87075
87056, 87059, 87076
87082, 87064, 87080
87065, 87067, 87081
87079, 87070, 87084
87073, 87073, 87085
87088, 87077, 87088
87050, 87077, 87086
87089, 87081, 87089
87100, 87085, 87092
87092, 87088, 87094
87097, 87092, 87096
87114, 87096, 87099
87115, 87101, 87102
87101, 87104, 87104
87101, 87106, 87105
87128, 87111, 87108
87108, 87113, 87110
87112, 87116, 87111
87124, 87119, 87113
87109, 87121, 87114
87112, 87123, 87115
87118, 87125, 87116
87106, 87126, 87116
87121, 87128, 87117
87106, 87129, 87116
87117, 87130, 87117
87117, 87131, 87117
87122, 87132, 87118
87121, 87134, 87118
87111, 87134, 87118
87120, 87134, 87118
87142, 87137, 87120
87116, 87137, 87120
87115, 87137, 87120
87133, 87138, 87121
87127, 87139, 87122
87123, 87139, 87122
87127, 87140, 87122
87127, 87140, 87123
87131, 87141, 87123
87127, 87141, 87124
87101, 87139, 87121
87136, 87140, 87123
87134, 87140, 87124
87112, 87139, 87122
87095, 87136, 87119
87110, 87134, 87118
87128, 87134, 87118
87122, 87134, 87117
87123, 87134, 87117
87116, 87133, 87116
87133, 87133, 87117
87116, 87132, 87115
87121, 87132, 87115
87120, 87131, 87114
87139, 87132, 87115
87127, 87132, 87114
87110, 87130, 87112
87127, 87130, 87112
87127, 87130, 87111
87141, 87131, 87112
87112, 87130, 87110
87133, 87130, 87111
87117, 87129, 87109
87114, 87128, 87108
87098, 87125, 87104
87108, 87124, 87102
87097, 87121, 87099
87108, 87120, 87098
87092, 87117, 87094
87080, 87113, 87090
87090, 87110, 87087
87091, 87108, 87085
87090, 87105, 87082
87111, 87105, 87082
87068, 87101, 87078
87060, 87096, 87074
87050, 87091, 87068
87066, 87087, 87065
87056, 87083, 87061
87047, 87078, 87056
87050, 87074, 87053
87028, 87068, 87047
87045, 87064, 87044
87026, 87058, 87039
87019, 87052, 87034
87007, 87046, 87028
87029, 87042, 87025
87022, 87037, 87022
87008, 87032, 87018
87009, 87027, 87014
87001, 87022, 87010
86992, 87016, 87005
87015, 87013, 87003
86991, 87008, 86999
86987, 87003, 86995
87011, 87000, 86994
86977, 86995, 86990
86981, 86990, 86986
86995, 86988, 86985
86976, 86983, 86981
86994, 86981, 86980
86962, 86976, 86976
86959, 86971, 86973
86960, 86967, 86969
86976, 86964, 86968
86966, 86961, 86966
86950, 86957, 86962
86944, 86952, 86958
86961, 86950, 86957
86933, 86945, 86953
86971, 86944, 86953
86934, 86940, 86950
86964, 86939, 86950
86956, 86937, 86949
86948, 86935, 86948
86956, 86934, 86947
86957, 86933, 86947
86939, 86931, 86945
86930, 86928, 86943
86924, 86925, 86940
86943, 86924, 86939
86946, 86923, 86939
86945, 86922, 86939
86945, 86922, 86939
86953, 86923, 86939
86941, 86922, 86939
86945, 86922, 86939
86912, 86919, 86936
86931, 86918, 86935
86923, 86916, 86933
86928, 86915, 86932
86946, 86916, 86933
86946, 86917, 86933
86937, 86917, 86934
86929, 86917, 86933
86949, 86918, 86934
86918, 86917, 86933
86920, 86916, 86931
86927, 86915, 86931
86974, 86919, 86935
86955, 86922, 86938
86953, 86924, 86940
86959, 86926, 86943
86950, 86928, 86945
86954, 86929, 86947
86949, 86931, 86949
86967, 86934, 86952
86958, 86936, 86954
86950, 86937, 86956
86944, 86937, 86957
86962, 86940, 86960
86949, 86941, 86961
86972, 86944, 86964
86962, 86945, 86967
86966, 86948, 86969
86973, 86950, 86973
86966, 86952, 86975
86984, 86956, 86979
87004, 86961, 86985
86984, 86964, 86988
86978, 86966, 86990
87007, 86971, 86996
87017, 86976, 87002
86993, 86979, 87005
87001, 86983, 87008
87003, 86986, 87012
87027, 86991, 87017
87026, 86996, 87023
87023, 87001, 87027
87051, 87007, 87034
87025, 87011, 87037
87067, 87018, 87044
87063, 87025, 87051
87043, 87029, 87054
87069, 87036, 87060
87051, 87040, 87064
87068, 87045, 87068
87064, 87050, 87072
87062, 87054, 87075
87076, 87059, 87079
87072, 87063, 87082
87059, 87066, 87083
87070, 87070, 87085
87107, 87076, 87091
87084, 87080, 87093
87089, 87084, 87096
87104, 87089, 87099
87092, 87093, 87101
87105, 87097, 87105
87110, 87102, 87108
87116, 87107, 87111
87111, 87111, 87113
87119, 87115, 87116
87101, 87117, 87117
87120, 87121, 87119
87115, 87123, 87121
87124, 87127, 87123
87105, 87128, 87122
87137, 87132, 87125
87120, 87134, 87126
87116, 87136, 87126
87115, 87137, 87126
87107, 87137, 87125
87128, 87139, 87126
87139, 87142, 87128
87129, 87143, 87128
87117, 87144, 87128
87131, 87145, 87128
87136, 87147, 87129
87123, 87147, 87129
87123, 87147, 87128
87130, 87148, 87128
87125, 87148, 87128
87112, 87146, 87126
87148, 87149, 87128
87143, 87150, 87129
87124, 87149, 87128
87121, 87148, 87127
87128, 87148, 87127
87139, 87149, 87128
87140, 87149, 87128
87136, 87150, 87128
87135, 87150, 87128
87135, 87150, 87128
87142, 87150, 87129
87144, 87151, 87130
87127, 87150, 87129
87159, 87152, 87131
87156, 87153, 87132
87110, 87150, 87129
87129, 87149, 87128
87122, 87147, 87126
87130, 87146, 87125
87132, 87146, 87125
87138, 87146, 87124
87126, 87144, 87123
87126, 87143, 87122
87115, 87141, 87119
87117, 87139, 87117
87136, 87139, 87117
87099, 87135, 87114
87125, 87134, 87113
87126, 87133, 87112
87111, 87131, 87110
87103, 87128, 87107
87124, 87127, 87106
87104, 87125, 87103
87096, 87122, 87100
87109, 87120, 87099
87089, 87116, 87095
87081, 87112, 87091
87100, 87110, 87089
87091, 87108, 87086
87112, 87107, 87086
87066, 87102, 87081
87070, 87098, 87077
87053, 87092, 87072
87058, 87088, 87068
87093, 87087, 87067
87069, 87083, 87064
87053, 87079, 87060
87050, 87074, 87056
87057, 87071, 87053
87028, 87065, 87048
87024, 87059, 87043
87035, 87054, 87039
87014, 87048, 87033
87042, 87045, 87031
87019, 87040, 87026
87010, 87035, 87022
86997, 87028, 87016
87016, 87024, 87013
87012, 87020, 87009
86984, 87014, 87004
86989, 87008, 86999
86997, 87004, 86996
86983, 86999, 86992
86990, 86995, 86989
86986, 86991, 86986
87003, 86988, 86985
86961, 86982, 86980
86957, 86977, 86975
86972, 86973, 86972
86968, 86969, 86970
86967, 86965, 86967
86965, 86962, 86964
86954, 86957, 86961
86950, 86953, 86958
86963, 86951, 86956
86965, 86948, 86955
86938, 86944, 86951
86951, 86941, 86949
86931, 86937, 86946
86930, 86933, 86943
86943, 86930, 86941
86966, 86930, 86942
86958, 86930, 86942
86961, 86929, 86943
86951, 86928, 86943
86955, 86928, 86943
86961, 86928, 86944
86936, 86927, 86943
86941, 86925, 86942
86934, 86924, 86941
86956, 86924, 86942
86952, 86925, 86942
86961, 86926, 86944
86950, 86926, 86945
86936, 86925, 86944
86936, 86924, 86943
86945, 86924, 86944
86934, 86924, 86943
86945, 86924, 86944
86947, 86924, 86945
86954, 86926, 86947
86952, 86927, 86948
86948, 86928, 86949
86969, 86930, 86953
86951, 86931, 86954
86943, 86931, 86954
86944, 86932, 86955
86955, 86933, 86957
86947, 86934, 86957
86953, 86935, 86959
86984, 86939, 86963
86966, 86941, 86966
86996, 86946, 86971
86959, 86947, 86972
86978, 86950, 86976
86980, 86953, 86979
86998, 86958, 86984
87000, 86962, 86988
87017, 86968, 86994
87002, 86972, 86999
87017, 86977, 87004
87013, 86982, 87009
87017, 86986, 87013
87035, 86992, 87019
87027, 86997, 87024
87031, 87002, 87029
87033, 87007, 87034
87030, 87011, 87038
87022, 87014, 87040
87049, 87020, 87045
87033, 87023, 87048
87066, 87029, 87054
87070, 87036, 87059
87061, 87041, 87064
87025, 87042, 87064
87064, 87047, 87068
87071, 87052, 87072
87077, 87057, 87076
87059, 87060, 87078
87093, 87066, 87083
87090, 87071, 87087
87090, 87076, 87090
87083, 87080, 87093
87071, 87082, 87094
87070, 87084, 87094
87112, 87090, 87098
87078, 87092, 87098
87098, 87096, 87100
87118, 87101, 87104
87093, 87103, 87105
87106, 87107, 87107
87101, 87109, 87108
87115, 87113, 87111
87096, 87114, 87111
87091, 87115, 87110
87106, 87117, 87111
87110, 87119, 87112
87100, 87120, 87112
87132, 87124, 87114
87125, 87127, 87116
87111, 87128, 87116
87112, 87129, 87117
87115, 87131, 87117
87102, 87130, 87116
87116, 87131, 87116
87139, 87134, 87119
87147, 87138, 87122
87137, 87140, 87123
87124, 87141, 87124
87132, 87142, 87125
87139, 87144, 87126
87121, 87144, 87126
87110, 87143, 87125
87123, 87143, 87124
87148, 87145, 87127
87150, 87148, 87129
87134, 87148, 87130
87122, 87148, 87129
87146, 87149, 87130
87123, 87148, 87129
87120, 87147, 87128
87137, 87148, 87129
87114, 87146, 87127
87136, 87146, 87127
87144, 87147, 87128
87130, 87147, 87128
87136, 87147, 87128
87114, 87145, 87126
87114, 87143, 87124
87121, 87141, 87123
87133, 87141, 87123
87127, 87140, 87122
87116, 87139, 87121
87123, 87138, 87120
87121, 87136, 87119
87125, 87136, 87118
87112, 87134, 87116
87118, 87132, 87115
87121, 87131, 87113
87123, 87131, 87113
87134, 87131, 87113
87110, 87129, 87111
87112, 87127, 87109
87122, 87127, 87109
87135, 87127, 87110
87103, 87125, 87107
87108, 87123, 87105
87118, 87122, 87104
87113, 87121, 87103
87083, 87117, 87099
87107, 87116, 87098
87105, 87114, 87096
87076, 87110, 87092
87079, 87106, 87088
87081, 87103, 87084
87054, 87097, 87078
87100, 87096, 87077
87089, 87094, 87075
87077, 87092, 87073
87088, 87090, 87071
87058, 87086, 87067
87060, 87082, 87063
87060, 87078, 87060
87045, 87074, 87055
87058, 87070, 87052
87043, 87066, 87048
87051, 87063, 87045
87028, 87057, 87040
87033, 87053, 87036
87019, 87048, 87031
87043, 87045, 87029
87021, 87040, 87025
87007, 87035, 87020
87030, 87032, 87018
87025, 87029, 87016
87013, 87025, 87013
87012, 87021, 87010
87003, 87016, 87007
86980, 87010, 87002
86980, 87004, 86997
86971, 86998, 86992
87005, 86996, 86991
86998, 86993, 86989
86974, 86988, 86985
86963, 86983, 86981
86955, 86977, 86976
86985, 86974, 86975
86984, 86972, 86974
86956, 86967, 86970
86953, 86963, 86967
86963, 86959, 86964
86974, 86957, 86963
86963, 86955, 86961
86954, 86951, 86959
86975, 86950, 86959
86969, 86949, 86958
86945, 86946, 86955
86961, 86944, 86954
86967, 86943, 86954
86949, 86941, 86953
86948, 86939, 86951
86936, 86936, 86949
86955, 86935, 86948
86964, 86935, 86949
86937, 86933, 86947
86932, 86930, 86945
86946, 86929, 86944
86939, 86927, 86943
86948, 86927, 86943
86938, 86926, 86942
86934, 86924, 86941
86953, 86925, 86942
86935, 86924, 86941
86953, 86924, 86942
86952, 86925, 86943
86944, 86925, 86943
86939, 86925, 86943
86941, 86925, 86943
86935, 86924, 86943
86959, 86926, 86945
86960, 86928, 86948
86953, 86929, 86949
86957, 86930, 86951
86951, 86931, 86952
86957, 86933, 86954
86950, 86934, 86955
86949, 86934, 86956
86962, 86936, 86959
86949, 86937, 86959
86952, 86938, 86961
86970, 86940, 86963
86982, 86944, 86967
86970, 86946, 86970
86989, 86950, 86974
86967, 86952, 86976
86985, 86955, 86979
86981, 86958, 86982
86989, 86961, 86986
86996, 86965, 86989
86977, 86967, 86991
87003, 86971, 86995
86978, 86973, 86997
87004, 86977, 87000
86998, 86980, 87003
87029, 86985, 87009
87033, 86991, 87015
87033, 86997, 87020
87037, 87002, 87025
87056, 87009, 87032
87015, 87012, 87034
87049, 87017, 87039
87052, 87023, 87044
87036, 87026, 87047
87070, 87033, 87052
87040, 87036, 87055
87042, 87039, 87057
87056, 87043, 87060
87060, 87047, 87063
87047, 87050, 87065
87064, 87054, 87068
87041, 87056, 87068
87060, 87059, 87070
87067, 87062, 87072
87090, 87067, 87077
87075, 87071, 87079
87084, 87075, 87082
87081, 87078, 87084
87061, 87079, 87084
87071, 87081, 87085
87101, 87086, 87088
87088, 87089, 87090
87079, 87091, 87091
87097, 87094, 87093
87115, 87099, 87097
87104, 87102, 87099
87091, 87104, 87100
87101, 87106, 87101
87102, 87109, 87103
87091, 87110, 87103
87101, 87111, 87104
87111, 87114, 87105
87106, 87116, 87106
87118, 87118, 87109
87086, 87118, 87107
87116, 87120, 87109
87103, 87121, 87109
87122, 87123, 87111
87101, 87123, 87111
87103, 87124, 87110
87128, 87126, 87112
87101, 87126, 87112
87123, 87127, 87113
87127, 87129, 87115
87101, 87128, 87114
87107, 87128, 87113
87109, 87128, 87113
87136, 87130, 87115
87129, 87132, 87117
87122, 87132, 87118
87111, 87132, 87118
87120, 87132, 87118
87122, 87133, 87119
87112, 87132, 87118
87128, 87133, 87119
87137, 87135, 87121
87134, 87136, 87122
87120, 87135, 87122
87099, 87133, 87120
87112, 87132, 87119
87117, 87132, 87119
87132, 87132, 87120
87140, 87134, 87122
87138, 87135, 87123
87125, 87135, 87123
87126, 87135, 87123
87126, 87135, 87124
87112, 87133, 87123
87134, 87134, 87124
87127, 87134, 87124
87123, 87134, 87123
87122, 87133, 87123
87130, 87133, 87124
